150
101491.90071751004 298.90449240021178 0.021667350662283629 0 0 0 0.10000000000000001 0.0001 2 2000 0 20
56.350832689629151 153.17541634481458 0 0 0 299.62945916882956 298.90449240021178 1.0024254127557477 100850.92650982898 1.159501217146286 0.018598636166295042 0 0
250 193.64916731037081 0 0 0 298.74256736086073 299.85367697031046 0.99629449396560266 98709.886029507135 1.138149026343539 0.018752803175787699 0 0
443.64916731037084 153.17541634481461 0 0 0 297.6350240959415 300.59222137516531 0.99016209645846764 96600.998307751201 1.1183140279883801 0.018252452479109591 0 0
556.3508326896291 153.17541634481449 0 0 0 296.9353599487078 300.97054753182573 0.98659274930318153 95388.449230903992 1.1071903286422484 0.017784358332348461 0 0
750 193.6491673103709 0 0 0 295.69936656851308 301.59258388531413 0.98045967430339065 93330.412454788078 1.0884460057374548 0.016843792560144163 0 0
943.64916731037079 153.17541634481461 0 0 0 294.47149425483923 302.23058709671045 0.97432724160579942 91304.491678231003 1.0698807328314865 0.015878136698430332 0 0
1056.3508326896292 153.17541634481449 0 0 0 293.78439940003432 302.63375087945985 0.97075887453494814 90140.202715220017 1.0590296611295877 0.01537392336261742 0 0
1250 193.64916731037101 0 0 0 292.66347169770535 303.39477870682839 0.96462922976175292 88165.024472768215 1.0402484930760365 0.014643882555677692 0 0
1443.6491673103708 153.17541634481449 0 0 0 291.59531425609202 304.2196861381467 0.95850244919284433 86221.849615171639 1.021430861201523 0.014021373931150638 0 0
1556.3508326896292 153.17541634481449 0 0 0 290.98674744209006 304.71781977248463 0.95493840058107937 85105.651443090028 1.0105264096402 0.013676409711009139 0 0
1750 193.64916731037101 0 0 0 289.95187858354245 305.59274394310637 0.94881794260639951 83212.962757363974 0.99193135314563496 0.013087930461763304 0 0
1943.6491673103708 153.17541634481449 0 0 0 288.92611858709603 306.48704011116337 0.94270256413550813 81352.058165078401 0.97352879254506042 0.01251333373951112 0 0
2056.350832689629 153.17541634481449 0 0 0 288.33124583280983 307.0142407970659 0.93914616170327614 80283.621199692934 0.96291305479133893 0.012189771293102471 0 0
2250 193.64916731037101 0 0 0 287.30912546345769 307.92780110760475 0.93304055181122836 78472.760347939955 0.9448496995283957 0.011650241387168943 0 0
2443.649167310371 153.17541634481449 0 0 0 286.28244251950781 308.84607665327246 0.92694213772028644 76693.339557168365 0.92703564914599146 0.011115120131403398 0 0
2556.350832689629 153.17541634481449 0 0 0 285.68062452256481 309.38021317858914 0.92339655981055335 75672.146805533106 0.91679445607362975 0.010797783144009006 0 0
2750 193.64916731037101 0 0 0 284.63631522689451 310.29418826508424 0.91731113888517235 73942.122018373833 0.89942283182215355 0.010242670138326075 0 0
2943.649167310371 153.17541634481449 0 0 0 283.57672923240546 311.20048419045747 0.91123485867989185 72243.062483671049 0.88233123358440901 0.0096946370077945418 0 0
3056.350832689629 153.17541634481449 0 0 0 282.95193327487834 311.72302533177077 0.90770302570279815 71268.400469765751 0.87251071728416274 0.0093885453215664782 0 0
3250 193.64916731037101 0 0 0 281.86344655687554 312.61104108520584 0.90164264697244112 69617.883554386994 0.85585274460160188 0.0088911560039191817 0 0
3443.649167310371 153.17541634481449 0 0 0 280.75610531219257 313.48621945119078 0.8955931326222325 67997.730540068093 0.83946930448487733 0.0084241631928424158 0 0
3556.350832689629 153.17541634481449 0 0 0 280.10302700394379 313.989519386768 0.89207763224388614 67068.695654992596 0.83006127659422768 0.0081634062213234351 0 0
3750 193.64916731037101 0 0 0 278.96858903028885 314.84642622216757 0.88604654776496661 65496.039016144336 0.81410862876083323 0.0077274120613670637 0 0
3943.649167310371 153.17541634481449 0 0 0 277.82506773793574 315.70033162995367 0.88002779820829202 63953.02943420106 0.79840973543250937 0.0072954460162758502 0 0
4056.350832689629 153.17541634481495 0 0 0 277.15852130894825 316.19939586671643 0.87653083760405226 63068.544532444226 0.78938291471746935 0.0070404443246809079 0 0
4250 193.6491673103701 0 0 0 276.01706606094797 317.0668817894624 0.87053262864655734 61571.813653507917 0.77404687540841277 0.0065911688031888172 0 0
4443.649167310371 153.17541634481495 0 0 0 274.88779135158035 317.95551651373694 0.86454795427241504 60103.91265378362 0.75891020938000364 0.0061277546818260149 0 0
4556.350832689629 153.17541634481495 0 0 0 274.23962860629041 318.48653872129779 0.86107133352431231 59262.749825785912 0.75018319458307259 0.0058515538162122434 0 0
4750 193.6491673103701 0 0 0 273.14063694169209 319.4220588519284 0.85510887358067345 57839.764353749524 0.73533260664650713 0.0053654226353761613 0 0
4943.649167310371 153.17541634481495 0 0 0 272.04990322325989 320.37498792493727 0.84916086922178902 56444.708308503978 0.72069299655647168 0.00486372596021524 0 0
5056.350832689629 153.17541634481495 0 0 0 271.41385277624323 320.93169789491657 0.84570596970173051 55645.514510979039 0.71228308152706177 0.0045642183951790614 0 0
5250 193.6491673103701 0 0 0 270.31385725585341 321.88597374944129 0.83978141112252358 54293.893038427115 0.69803059432326953 0.0040426719208606033 0 0
5443.649167310371 153.17541634481495 0 0 0 269.20373748757714 322.83582288877597 0.83387195100812506 52969.235041233609 0.68402134439436213 0.0035290923909272747 0 0
5556.350832689629 153.17541634481495 0 0 0 268.55247813450268 323.38587185510278 0.83043973626290968 52210.558806748573 0.67597679515429432 0.0032421989918447712 0 0
5750 193.6491673103701 0 0 0 267.42183710021584 324.32280842288463 0.82455451838442517 50927.76501170046 0.66233757590621989 0.0027904164615377668 0 0
5943.649167310371 153.17541634481495 0 0 0 266.27060809391776 325.2419208967242 0.81868477273711615 49670.921170920134 0.64892853682641594 0.0024252230379863677 0 0
6056.350832689629 153.17541634481495 0 0 0 265.58832384046281 325.76500266111236 0.81527580209943451 48951.239548382422 0.64122989605535374 0.002269074734002478 0 0
6250 193.6491673103701 0 0 0 264.39589211436845 326.64426763164886 0.80943068136901508 47734.628336333066 0.62818077651202775 0.0020917180792131766 0 0
6443.649167310371 153.17541634481495 0 0 0 263.18724193712558 327.5097856309655 0.8036011547871188 46542.92351992659 0.61535484447414801 0.0019741394335067836 0 0
6556.350832689629 153.17541634481495 0 0 0 262.48084775517412 328.01265643573595 0.80021560938335079 45860.668418239686 0.60799153578145004 0.0019059600259412396 0 0
6750 193.6491673103701 0 0 0 261.26692370556265 328.88142161108919 0.79441071017540643 44707.530568530114 0.59550758868472975 0.0017683740209441397 0 0
6943.649167310371 153.17541634481495 0 0 0 260.05524832139417 329.75935129892144 0.78862130003906505 43578.242127640457 0.58322433794072792 0.0016147668081451117 0 0
7056.350832689629 153.17541634481495 0 0 0 259.35211605186214 330.27588270984273 0.78525902019830718 42931.825273519797 0.57616286342682943 0.0015231852979793626 0 0
7250 193.6491673103701 0 0 0 258.13873172683475 331.16196301060432 0.77949390497654691 41839.429412734426 0.56419420706751477 0.0013702379436662836 0 0
7443.649167310371 153.17541634481495 0 0 0 256.89339461173165 332.01343273296402 0.77374397926348093 40769.827965493329 0.55248234579923461 0.0012321447817344863 0 0
7556.350832689629 153.17541634481495 0 0 0 256.14173099691618 332.47693455911741 0.77040451343361349 40157.664074377302 0.54580660074764331 0.0011630782314174814 0 0
7750 193.6491673103701 0 0 0 254.80022613585942 333.21232606698999 0.76467827329002724 39123.29550518412 0.5345793746808537 0.0010649037449093318 0 0
7943.649167310371 153.17541634481495 0 0 0 253.41418376138787 333.893648396233 0.75896676974417976 38110.682522879462 0.52361673748857085 0.00098478501083373512 0 0
8056.350832689629 153.17541634481495 0 0 0 252.59620022048634 334.27696503086344 0.75564943638029136 37531.210601641047 0.51733828924900171 0.00094251943604603192 0 0
8250 193.6491673103701 0 0 0 251.18160540318127 334.9263107165412 0.74996080441038948 36552.206838880033 0.50670245122564039 0.00087288009064582183 0 0
8443.6491673103701 153.17541634481495 0 0 0 249.76121966381996 335.57140877151153 0.74428635198143711 35593.94861951279 0.49624533502529838 0.00080450143090095348 0 0
8556.3508326896299 153.17541634481495 0 0 0 248.93454991667608 335.94845354236151 0.7409903135192929 35045.650919884494 0.49023564770967715 0.00076409821050448716 0 0
8750 193.6491673103701 0 0 0 247.51661702987843 336.60260382992215 0.73533779659928922 34119.432659200727 0.48003426379650582 0.00069260586174472798 0 0
8943.6491673103701 153.17541634481495 0 0 0 246.10228133369765 337.26554568576762 0.72969885148894709 33212.989008814257 0.46998786059628195 0.00061862043412094206 0 0
9056.3508326896299 153.17541634481495 0 0 0 245.28092186527104 337.65568563474477 0.72642319469366468 32694.406545144197 0.4642112336449285 0.00057451198449721345 0 0
9250 193.6491673103701 0 0 0 243.86732463750963 338.32624999920125 0.72080521283254073 31818.502236311342 0.45441435025494892 0.0004988623461409953 0 0
9443.6491673103701 153.17541634481495 0 0 0 242.43657495532392 338.97721943836137 0.71520019946180446 30961.448481987638 0.44480295535238312 0.00042832149709582507 0 0
9556.3508326896299 153.17541634481495 0 0 0 241.58913877673899 339.33726893603114 0.71194401821593378 30471.192703721124 0.43930501078342732 0.00039203745426811133 0 0
9750 193.6491673103701 0 0 0 240.10347118976856 339.91703193290454 0.70635904833730734 29643.256752169713 0.43002673886212128 0.00033946132851304131 0 0
9943.6491673103701 153.17541634481495 0 0 0 238.58540195386169 340.45376160706292 0.70078650571417889 28833.299770611306 0.42094902724018729 0.00029760298832340738 0 0
10056.35083268963 153.17541634481495 0 0 0 237.68952094035836 340.74957476606733 0.69754898770904661 28370.06096911287 0.41575225954998729 0.00027731638887664866 0 0
10250 193.6491673103701 0 0 0 236.13514867371012 341.23787680866587 0.69199571537046134 27587.886666537921 0.40695848294765585 0.00024728966502853369 0 0
10443.64916731037 153.17541634481495 0 0 0 234.57221250529923 341.71562558817214 0.68645445200682831 26822.875904242901 0.39831657099382506 0.00021967031386213945 0 0
10556.35083268963 153.17541634481495 0 0 0 233.6636317368168 341.99600711519588 0.68323497022031299 26385.428747374273 0.39334809832827528 0.00020291040028194167 0 0
10750 193.6491673103701 0 0 0 232.10688714866771 342.4857957277145 0.67771244835274569 25646.956219440879 0.38491049136343874 0.0001728886256270982 0 0
10943.64916731037 153.17541634481495 0 0 0 230.55109790089094 342.97904542202377 0.67220170146897995 24924.889534081096 0.37660425342110498 0.00014550382220250707 0 0
11056.35083268963 153.17541634481495 0 0 0 229.64378291025082 343.26429757178863 0.66899990629588924 24512.095435720021 0.37183328295246526 0.00013284400286399077 0 0
11250 193.6491673103701 0 0 0 228.07926533976385 343.74772342741676 0.6635077116021203 23815.413899783216 0.36374662619855019 0.00011719281369863037 0 0
11443.64916731037 153.17541634481495 0 0 0 226.50703455232303 344.22133318299262 0.65802730021938793 23134.437545728706 0.35580084141065116 0.00010554510418190637 0 0
11556.35083268963 153.17541634481495 0 0 0 225.58816829395471 344.49188144090192 0.65484320661023965 22745.243621816611 0.35124147019447149 9.8757674792827725e-05 0 0
11750 193.6491673103701 0 0 0 224.0052069463988 344.95158478209947 0.64938158520970235 22088.587847352821 0.34351426834688731 8.5757923380471463e-05 0 0
11943.64916731037 153.17541634481495 0 0 0 222.42422335195545 345.41567456925708 0.64393204978125163 21446.990790922755 0.33590994055205631 7.2001460592491045e-05 0 0
12056.35083268963 153.17541634481495 0 0 0 221.5085914352106 345.69336009172025 0.64076611531225069 21080.42559183776 0.33153505013741125 6.4134771707601257e-05 0 0
12250 193.6491673103701 0 0 0 219.95502311279429 346.20261547710578 0.63533611035743265 20462.166941766744 0.32408704095768709 5.1721717969127586e-05 0 0
12443.64916731037 153.17541634481495 0 0 0 218.44953226662255 346.78996995747468 0.62991883039007746 19858.369841710795 0.31669340031623922 4.1829440813360961e-05 0 0
12556.35083268963 153.17541634481495 0 0 0 217.60652174312969 347.18608266872889 0.62677201825155293 19513.535987790106 0.31240046720851183 3.7772998501435943e-05 0 0
12750 193.6491673103701 0 0 0 216.21479030112712 347.96152549045252 0.62137556730265486 18932.168148247059 0.30504482634842345 3.3601121498465584e-05 0 0
12943.64916731037 153.17541634481495 0 0 0 214.86834007026761 348.81629299082647 0.6159928431895767 18364.707093777703 0.2977562496012725 3.1331618304185252e-05 0 0
13056.35083268963 153.17541634481495 0 0 0 214.09242706903467 349.32953678977958 0.6128666617672005 18040.770919366012 0.29356442655339476 3.0070371570039929e-05 0 0
13250 193.6491673103701 0 0 0 212.74974865498933 350.20151394242771 0.60750665027097761 17494.890715346381 0.28647883295747945 2.7345663269734806e-05 0 0
13443.64916731037 153.17541634481495 0 0 0 211.36625376168257 351.01242771807756 0.60216173864774236 16962.396587918731 0.27957785672461249 2.4133896496155656e-05 0 0
13556.35083268963 153.17541634481495 0 0 0 210.52896975776514 351.43321771427412 0.59905825387551037 16658.575601022701 0.27566252379345779 2.2161019171010943e-05 0 0
13750 193.6491673103701 0 0 0 209.06821343258767 352.12169283285363 0.59373852190307663 16146.860707563839 0.26906220904487793 1.8813197500597353e-05 0 0
13943.64916731037 153.17541634481495 0 0 0 207.69782778870839 352.96610151959572 0.58843562283891893 15648.036074432872 0.26247097831832605 1.5808503598440372e-05 0 0
14056.35083268963 153.17541634481495 0 0 0 206.9994652216495 353.62916857975512 0.58535744110985077 15363.585185320138 0.25856940627614888 1.4357238351279206e-05 0 0
14250 193.6491673103701 0 0 0 206.00888712242656 355.13707737686127 0.58008273493734885 14884.769875774808 0.25171578815852924 1.2467840973580776e-05 0 0
14443.64916731037 153.17541634481495 0 0 0 205.24973444666321 357.06354267545061 0.57482691430422217 14418.363796000245 0.24473043508775505 1.1257943779770048e-05 0 0
14556.35083268963 153.17541634481495 0 0 0 204.89721656390884 358.35154804302357 0.57177712132921765 14152.560131443277 0.24063216136482252 1.0822740781380384e-05 0 0
14750 193.6491673103701 0 0 0 204.39611518821496 360.77141939877725 0.56655295901443492 13705.408383967348 0.23360071933524268 1.0405047410800883e-05 0 0
14943.64916731037 153.17541634481495 0 0 0 203.93759170278108 363.29847646220429 0.56134997781637463 13270.1889451401 0.22669122968006078 1.0154814217303102e-05 0 0
15056.35083268963 153.17541634481495 0 0 0 203.6457818640913 364.7395696968407 0.5583320231291462 13022.315812576329 0.22277566760962961 9.9612979761658991e-06 0 0
15250 193.6491673103701 0 0 0 203.07669844032995 367.11811485210006 0.55316447275325253 12605.594269369369 0.21625109178418844 9.4722553044478572e-06 0 0
15443.64916731037 153.17541634481495 0 0 0 202.46512567578736 369.44805617512532 0.54802054657398191 12200.323264074681 0.20993088725518225 8.8953128752387858e-06 0 0
15556.35083268963 153.17541634481495 0 0 0 202.11157823774292 370.82100898226929 0.5450381001670993 11969.656693821493 0.20632213158555687 8.5758701325618742e-06 0 0
15750 193.6491673103701 0 0 0 201.51034958777049 373.21325172508256 0.53993353305741576 11582.114141469776 0.20023773693270314 8.0864523649250074e-06 0 0
15943.64916731037 153.17541634481495 0 0 0 200.86894408049972 375.55769638578926 0.53485508621865219 11205.529798513437 0.19434580310232921 7.6163448677811969e-06 0 0
16056.35083268963 153.17541634481495 0 0 0 200.453883499988 376.85542435586729 0.5319118965651346 10991.329963102551 0.1910255315355423 7.3233613573823621e-06 0 0
16250 193.6491673103701 0 0 0 199.73063067737604 379.08416549330423 0.52687674363149806 10631.684859691984 0.18544417847739048 6.803512002305841e-06 0 0
16443.64916731037 153.17541634481495 0 0 0 199.21724759456075 381.7371883980947 0.52187016001911501 10282.491657709259 0.17981558305446804 6.3773621927735005e-06 0 0
16556.35083268963 153.17541634481313 0 0 0 199.12633725806012 383.69534702398721 0.51896990360326545 10083.997725653553 0.17642493574346019 6.2296781485854672e-06 0 0
16750 193.64916731037374 0 0 0 199.36987389891632 387.87129717352389 0.51401038270105159 9750.9303269105967 0.17038935867170144 6.17320453260477e-06 0 0
16943.64916731037 153.17541634481313 0 0 0 199.95570291240611 392.7772282576824 0.50908170975030331 9427.7919837466998 0.16426011194105827 6.291462635050965e-06 0 0
17056.35083268963 153.17541634481313 0 0 0 200.36852767352573 395.80703695172554 0.50622780538882539 9244.2182766372753 0.16072986261433561 6.4016619513163801e-06 0 0
17250 193.64916731037374 0 0 0 201.1014732113961 401.12025827066429 0.50134958049338574 8936.3645749067255 0.15481087252122983 6.6163498877801579e-06 0 0
17443.64916731037 153.17541634481313 0 0 0 201.81041500638614 406.4626784237322 0.49650417054035484 8637.8993598079869 0.14911465844713243 6.8375353584430286e-06 0 0
17556.35083268963 153.17541634481313 0 0 0 202.18525397232565 409.53095225449158 0.4936995674180038 8468.433578986178 0.14591816180924572 6.9565581513938245e-06 0 0
17750 193.64916731037374 0 0 0 202.75230437339556 414.70492818239893 0.48890739076102652 8184.3845339578556 0.14062933448740383 7.1384668785522264e-06 0 0
17943.64916731037 153.17541634481313 0 0 0 203.25822162365748 419.82526438496245 0.48414957094453959 7909.1682872484889 0.13556211762618428 7.3084757094402745e-06 0 0
18056.35083268963 153.17541634481313 0 0 0 203.54388449272705 422.81954911106794 0.48139657903863692 7752.9754287251117 0.13269848713483937 7.4107807440535772e-06 0 0
18250 193.64916731037374 0 0 0 204.03236029913865 428.01532918368434 0.47669404899182338 7491.2875935440998 0.12791250072849175 7.5978892368659786e-06 0 0
18443.64916731037 153.17541634481313 0 0 0 204.5025726953277 433.24342919191719 0.47202694585989352 7237.8688706405956 0.12330124355913313 7.7916893357122576e-06 0 0
18556.35083268963 153.17541634481313 0 0 0 204.75971868879626 436.28354215970376 0.46932716662927187 7094.1019214958842 0.12070031178503111 7.9034957943074988e-06 0 0
18750 193.64916731037374 0 0 0 205.16660565124204 441.48751376084607 0.46471666639791054 6853.3186254409666 0.11637232014608535 8.0912522116368556e-06 0 0
18943.64916731037 153.17541634481313 0 0 0 205.53218615539157 446.67100458790014 0.46014221662992455 6620.2427612800675 0.11221462626817842 8.2766813302263159e-06 0 0
19056.35083268963 153.17541634481313 0 0 0 205.72773889604639 449.68147757145033 0.45749658181853425 6488.0577262716206 0.10986951759615919 8.3852316343635389e-06 0 0
19250 193.64916731037374 0 0 0 206.04086393818008 454.85702725614777 0.45297940142002119 6266.7362040770195 0.10596034581765026 8.5733564476655164e-06 0 0
19443.64916731037 153.17541634481313 0 0 0 206.33877299152104 460.06564796475561 0.44849854342380308 6052.5736361975114 0.10219143657359393 8.7605899937180206e-06 0 0
19556.35083268963 153.17541634481313 0 0 0 206.51203912453514 463.12757329748518 0.44590745840106627 5931.146359593512 0.10005723652262706 8.8676857479138976e-06 0 0
19750 193.64916731037374 0 0 0 206.79625446664056 468.41156184032985 0.44148409500005553 5727.8869053826138 0.096495476666101226 9.0499596151630542e-06 0 0
19943.64916731037 153.17541634481313 0 0 0 207.00904502344096 473.59963681890582 0.4370971363362694 5531.2622659559074 0.093087221927367778 9.2376739185425527e-06 0 0
20056.35083268963 153.17541634481313 0 0 0 207.072839342972 476.51071034528456 0.43456072412921187 5419.805161169611 0.091183371349144726 9.3532000767520326e-06 0 0
20250 193.64916731037374 0 0 0 207.11819541432666 481.41120942990284 0.43023135181999672 5233.2792647708529 0.088025948440543969 9.5573567877675806e-06 0 0
20443.64916731037 153.17541634481313 0 0 0 207.25836495412074 486.59223011850167 0.42593850071063877 5052.8984579022581 0.084934377739627406 9.745503261856031e-06 0 0
20556.35083268963 153.17541634481313 0 0 0 207.47429862335011 489.95371120848807 0.42345693863938177 4950.6756463901993 0.083129496641439857 9.8359776643218444e-06 0 0
20750 193.64916731037374 0 0 0 208.15134719898174 496.51814950205625 0.41922203127464874 4779.6507303083372 0.079996666192175686 9.9489883503070531e-06 0 0
20943.64916731037 153.17541634481313 0 0 0 209.18912111476109 504.04093508313088 0.41502407156724241 4614.3238119159414 0.076846467573946489 1.0010799378419264e-05 0 0
21056.35083268963 153.17541634481313 0 0 0 209.94346112491888 508.83295132335525 0.41259800604285779 4520.6634734581858 0.075016147752632947 1.0024662506862652e-05 0 0
21250 193.64916731037374 0 0 0 211.42539840860249 517.61707632905484 0.40845908699155253 4364.0224111468588 0.071909248231945652 1.0019413074849022e-05 0 0
21443.64916731037 153.17541634481313 0 0 0 212.97843706178747 526.70738173354368 0.40435817770545557 4212.6810852208446 0.068909307658102062 9.9986037807802029e-06 0 0
21556.35083268963 153.17541634481313 0 0 0 213.82757012569016 531.9236504233096 0.40198921396994525 4126.9847733001734 0.067239443023461354 9.9904452410230759e-06 0 0
21750 193.64916731037374 0 0 0 215.13476975510915 540.60788247551977 0.39794974644094477 3983.7406563562267 0.064511240537346581 9.9904372142889812e-06 0 0
21943.64916731037 153.17541634481313 0 0 0 216.32512182216209 549.11767597906578 0.39395038856918735 3845.4519729809613 0.061929186345906564 9.9988299085513976e-06 0 0
22056.35083268963 153.17541634481313 0 0 0 217.00592861554941 554.09301658310176 0.3916416957458681 3767.202322200033 0.060478677328583849 1.0002542795967262e-05 0 0
22250 193.64916731037374 0 0 0 218.18577894170258 562.75770741921099 0.38770820206496265 3636.5113899106054 0.058064868907712869 1.0003389505808348e-05 0 0
22443.64916731037 153.17541634481313 0 0 0 219.3516916906901 571.49854679098314 0.3838184592460821 3510.4901407668935 0.055754728891028178 1.0000681821056751e-05 0 0
22556.35083268963 153.17541634481313 0 0 0 220.00928075920692 576.58121389745008 0.3815755273607257 3439.2577671582703 0.05446012887323394 9.999341205278814e-06 0 0
22750 193.64916731037374 0 0 0 221.09312563408491 585.27565570515389 0.37775896447923618 3320.4304833572237 0.052320765825928275 9.9988322853054325e-06 0 0
22943.64916731037 153.17541634481313 0 0 0 222.12955219762756 593.94211754277421 0.37399191880281218 3206.0488323937934 0.050282716364105778 9.9995433974444546e-06 0 0
23056.35083268963 153.17541634481313 0 0 0 222.71710506447789 598.98619575016903 0.37182343540579843 3141.4970596108515 0.04914032491795528 9.9999440819669236e-06 0 0
23250 193.64916731037374 0 0 0 223.70599546955123 607.66433446232577 0.36814073622979865 3034.0044040272878 0.047249098012717948 1.000015931127004e-05 0 0
23443.64916731037 153.17541634481313 0 0 0 224.66949936022976 616.35008578854513 0.36451605108936169 2930.7955208748385 0.045446070789531293 1.0000029505144244e-05 0 0
23556.35083268963 153.17541634481313 0 0 0 225.21904145848001 621.4056599972788 0.36243480862318872 2872.6811118758792 0.044436234725407864 9.9999354661982738e-06 0 0
23750 193.64916731037374 0 0 0 226.14601828305285 630.09044290742236 0.35891040854317469 2776.1531036681044 0.042767061098975941 9.9998611192916452e-06 0 0
23943.64916731037 153.17541634481313 0 0 0 227.05536568099296 638.77249206018791 0.35545576633816417 2683.8056734328666 0.041178852120031487 9.999860736553611e-06 0 0
24056.35083268963 153.17541634481313 0 0 0 227.57881588593293 643.82477272839014 0.35347943342021948 2631.9735321824683 0.040290682417259249 9.9998735766814893e-06 0 0
24250 193.64916731037374 0 0 0 228.47272707358937 652.50621000963747 0.35014644085948982 2546.1862728277029 0.038824935774791777 9.9998957188670099e-06 0 0
24443.64916731037 153.17541634481313 0 0 0 229.36577201674078 661.18993087274077 0.34689846488434622 2464.5266159136017 0.037433448927957275 9.9999107253056506e-06 0 0
24556.35083268963 153.17541634481313 0 0 0 229.88829740177601 666.2463696696617 0.3450499813091053 2418.8970906868158 0.036656877434530992 9.9999127885043429e-06 0 0
24750 193.64916731037374 0 0 0 230.7939331205109 674.93364882413744 0.34195055102467886 2343.746726032738 0.035378647745656452 9.9999049776906032e-06 0 0
24943.64916731037 153.17541634481313 0 0 0 231.70948007758454 683.6001528330579 0.33895469320377747 2272.7067522750622 0.034170752167544609 9.9998917649131514e-06 0 0
