150
100000 302 0.02 0.17320508075688773 200 5.0000000000000002e-05 5 0.0005446275636711189 2 2000 -0.013056925502312862 20
56.350832689629151 153.17541634481458 5 0 0 299.45338895559905 300 0.99817796318533025 99364.142247863259 1.1476274425799291 0.011857707509881424 0 0
250 193.64916731037081 5 0 0 297.5749703870672 300 0.99191656795689065 97201.029413116587 1.1297307101307417 0.011857707509881424 0 0
443.64916731037084 153.17541634481461 5 0 0 295.69655189838289 300 0.98565517299460959 95071.754901703651 1.1120023870272024 0.011857707509881424 0 0
556.3508326896291 153.17541634481449 5 0 0 294.60333076250572 300 0.98201110254168578 93847.988898708427 1.1017619940714549 0.011857707509881424 0 0
750 193.6491673103709 5 0 0 292.7249124032972 300 0.97574970801099059 91771.594310371205 1.0842990097661724 0.011857707509881424 0 0
943.64916731037079 153.17541634481461 5 0 0 290.84649412799007 300 0.96948831375996691 89728.215357017092 1.0670030628524878 0.011857707509881424 0 0
1056.3508326896292 153.17541634481449 5 0 0 292.81973049918065 303.16905249806888 0.9658628678830794 88560.034860466578 1.0462944185502012 0.011425505150524033 0 0
1250 193.64916731037101 5 0 0 291.49932847692361 303.75 0.95966857111744397 86589.317279090392 1.0285144824463932 0.010055637735781851 0 0
1443.6491673103708 153.17541634481449 5 0 0 290.17383553631055 304.33094750193112 0.95348119512054963 84652.266278356212 1.0108505853274401 0.0088485412609684289 0 0
1556.3508326896292 153.17541634481449 5 0 0 289.40013695431907 304.66905249806888 0.94988360183433274 83540.32367346462 1.000630617216933 0.0082133333013712853 0 0
1750 193.64916731037101 5 0 0 288.06695601031248 305.25 0.94370829159807523 81656.037475274556 0.98318402956611795 0.0072257760599050026 0 0
1943.6491673103708 153.17541634481449 5 0 0 286.72911542308958 305.83094750193112 0.93754120622890558 79804.747551533757 0.96589227030142633 0.0063562000237162783 0 0
2056.350832689629 153.17541634481449 5 0 0 285.94841101295384 306.16905249806888 0.9339559589052765 78742.382793369557 0.95590432116157509 0.0058988442985583233 0 0
2250 193.64916731037101 5 0 0 284.60346653074021 306.75 0.92780266187690374 76942.662844229475 0.93887918474169585 0.0051881215222558666 0 0
2443.649167310371 153.17541634481449 5 0 0 283.2541781222709 307.33094750193112 0.92165849363572827 75175.114911839337 0.92203359819463493 0.0045626372185884846 0 0
2556.350832689629 153.17541634481449 5 0 0 282.46694334327873 307.66905249806888 0.91808695430962028 74161.091513190098 0.9123150121582857 0.0042337861093248432 0 0
2750 193.64916731037101 5 0 0 281.11097932619697 308.25 0.91195775937127965 72443.724880661495 0.89576676716260362 0.0037229267104149206 0 0
2943.649167310371 153.17541634481449 5 0 0 279.75090337322632 308.83094750193112 0.90583830939247778 70757.610017548592 0.87941301639626901 0.0032735062636579889 0 0
3056.350832689629 153.17541634481449 5 0 0 278.9574875925145 309.16905249806888 0.90228140668852008 69790.546598703091 0.86998638839477793 0.003037285495033053 0 0
3250 193.64916731037101 5 0 0 277.5910515868635 309.75 0.89617772909399029 68153.106976170791 0.85394782689985449 0.0026704117290200558 0 0
3443.649167310371 153.17541634481449 5 0 0 276.22067514091293 310.33094750193112 0.89008420643962394 66545.94301581211 0.8381119632689058 0.0023477482946771535 0 0
3556.350832689629 153.17541634481449 5 0 0 275.42133661389056 310.66905249806888 0.88654255838889062 65624.373797398439 0.82898971768164398 0.0021781855203589144 0 0
3750 193.64916731037101 5 0 0 274.04483430246961 311.25 0.88046533109227176 64064.314366920516 0.81347805087263836 0.0019148831405928438 0 0
3943.649167310371 153.17541634481449 5 0 0 272.66451941819344 311.83094750193112 0.87439852138635099 62533.526199249376 0.79817267404242465 0.0016833554576456144 0 0
4056.350832689629 153.17541634481495 5 0 0 271.8594506881571 312.16905249806888 0.8708725240784041 61655.942565582154 0.78936027614409476 0.0015617023946506282 0 0
4250 193.6491673103701 5 0 0 270.47318548083115 312.75 0.86482233567012357 60170.659652465147 0.77438208006126841 0.0013728189053505535 0 0
4443.649167310371 153.17541634481495 5 0 0 269.08320413992647 313.33094750193112 0.85878272250227716 58713.634098763992 0.75961063763825831 0.0012067527287642783 0 0
4556.350832689629 153.17541634481495 5 0 0 268.27255041182309 313.66905249806888 0.85527261384345443 57878.512928413053 0.75110883091789882 0.0011195042610835451 0 0
4750 193.6491673103701 5 0 0 266.87675205907505 314.25 0.84924980766610991 56465.389277668757 0.7366634861914112 0.0009840506739082224 0 0
4943.649167310371 153.17541634481495 5 0 0 265.47731138511404 314.83094750193112 0.84323765973955167 55079.512266771941 0.72242325817083697 0.00086497200097368119 0 0
5056.350832689629 153.17541634481495 5 0 0 264.66118378153533 315.16905249806888 0.83974356518762894 54285.335067400694 0.71422961503051896 0.00080241449713885037 0 0
5250 193.6491673103701 5 0 0 263.25602900493823 315.75 0.83374831038776953 52941.768980254434 0.70031168782647646 0.00070529986071807065 0 0
5443.649167310371 153.17541634481495 5 0 0 261.84728943010532 316.33094750193112 0.82776374394575103 51624.450465802285 0.68659584912737737 0.00061993152401480203 0 0
5556.350832689629 153.17541634481495 5 0 0 261.02577453697324 316.66905249806888 0.82428570925340128 50869.71614803352 0.67870584128531186 0.00057508591994848873 0 0
5750 193.6491673103701 5 0 0 259.61140187858479 317.25 0.81831805162674476 49593.140849197815 0.66530672498521137 0.00050547049247931367 0 0
5943.649167310371 153.17541634481495 5 0 0 258.19349021300752 317.83094750193112 0.81236107510090338 48341.83126962978 0.65210576564860467 0.00044427842093800282 0 0
6056.350832689629 153.17541634481495 5 0 0 257.36665694431622 318.16905249806888 0.80889908972488234 47625.064537489576 0.64451350040741584 0.00041213425356612462 0 0
6250 193.6491673103701 5 0 0 255.94317744221007 318.75 0.80295898805399235 46412.960817411753 0.6316225436798123 0.00036223733763053031 0 0
6443.649167310371 153.17541634481495 5 0 0 254.51619626640246 319.33094750193112 0.79702953395979037 45225.161741731717 0.61892524349310996 0.00031837949561657554 0 0
6556.350832689629 153.17541634481495 5 0 0 253.68410079639355 319.66905249806888 0.79358354777845141 44544.918472699093 0.61162396848702383 0.00029534160075956521 0 0
6750 193.6491673103701 5 0 0 252.25160565316403 320.25 0.78767089977568783 43394.822715931463 0.59922924783732145 0.00025958104881729693 0 0
6943.649167310371 153.17541634481495 5 0 0 250.81564006321187 320.83094750193112 0.78176884747598163 42268.093505691824 0.58702334289012181 0.00022814946788452247 0 0
7056.350832689629 153.17541634481495 5 0 0 249.97832936780466 321.16905249806888 0.77833878271726609 41622.964070310838 0.58000579089573268 0.00021163922271536108 0 0
7250 193.6491673103701 5 0 0 248.53689545598198 321.75 0.7724534435306355 40532.47312935668 0.56809463780759695 0.00018601163642196618 0 0
7443.649167310371 153.17541634481495 5 0 0 247.09201790532313 322.33094750193112 0.76657863546857463 39464.434880864312 0.55636727458824753 0.00016348681045021073 0 0
7556.350832689629 153.17541634481495 5 0 0 246.24953230391631 322.66905249806888 0.76316439521385482 38853.046057403371 0.54962589810983553 0.00015165522788726068 0 0
7750 193.6491673103701 5 0 0 244.79922611706473 323.25 0.75730619061736959 37819.819978319269 0.53818525715975551 0.00013329018981582074 0 0
7943.649167310371 153.17541634481495 5 0 0 243.34549989100393 323.83094750193112 0.75145844388313987 36808.157615923374 0.52692330042797575 0.0001171488476283741 0 0
8056.350832689629 153.17541634481495 5 0 0 242.49787487038822 324.16905249806888 0.748059918125074 36229.173551411026 0.5204504304636034 0.0001086703908801391 0 0
8250 193.6491673103701 5 0 0 241.03875535819225 324.75 0.74222865391283221 35250.93684363833 0.50946710123066086 9.5510203114232179e-05 0 0
8443.6491673103701 153.17541634481495 5 0 0 239.57623706694025 325.33094750193112 0.73640776847864486 34293.39996296652 0.49865734142768753 8.3943604925144325e-05 0 0
8556.3508326896299 153.17541634481495 5 0 0 238.723504589969 325.66905249806888 0.73302483843282762 33745.522490804353 0.49244529417049476 7.7868136298852407e-05 0 0
8750 193.6491673103701 5 0 0 237.25562519245489 326.25 0.72722030710330998 32820.064416929636 0.48190609338750129 6.8437903908829644e-05 0 0
8943.6491673103701 153.17541634481495 5 0 0 235.78436655996524 326.83094750193112 0.72142607168059592 31914.467289208773 0.47153538513517446 6.0149652535361997e-05 0 0
9056.3508326896299 153.17541634481495 5 0 0 234.92655600458497 327.16905249806888 0.71805861285113948 31396.435816215548 0.46557653297915208 5.5796189353404835e-05 0 0
9250 193.6491673103701 5 0 0 233.44996666203042 327.75 0.71228060003670612 30521.610279516877 0.45546813921777252 4.9997500124993749e-05 0 0
9443.6491673103701 153.17541634481495 5 0 0 231.97002032291763 328.33094750193112 0.70651280997979415 29665.833312107399 0.44552191118268525 4.9997500124993749e-05 0 0
9556.3508326896299 153.17541634481495 5 0 0 231.10716482492936 328.66905249806888 0.70316071156802096 29176.426895013286 0.43980794576961751 4.9997500124993749e-05 0 0
9750 193.6491673103701 5 0 0 229.62192515685021 329.25 0.69740903616355421 28350.156723435182 0.43011687975992247 4.9997500124993749e-05 0 0
9943.6491673103701 153.17541634481495 5 0 0 228.13334712116881 329.83094750193112 0.69166750072727212 27542.145524518437 0.42058460569996237 4.9997500124993749e-05 0 0
10056.35083268963 153.17541634481495 5 0 0 227.26547498055038 330.16905249806888 0.6883306392923656 27080.177812257567 0.41510926149905852 4.9997500124993749e-05 0 0
10250 193.6491673103701 5 0 0 225.77162768813633 330.75 0.68260507237531776 26300.441183108276 0.40582429792508845 4.9997500124993749e-05 0 0
10443.64916731037 153.17541634481495 5 0 0 224.27445717587062 331.33094750193112 0.67688955368276749 25538.196711841545 0.3966932310180557 4.9997500124993749e-05 0 0
10556.35083268963 153.17541634481495 5 0 0 223.40159114820685 331.66905249806888 0.67356779134377509 25102.515390243643 0.39144915174499767 4.9997500124993749e-05 0 0
10750 193.6491673103701 5 0 0 221.89917523458462 332.25 0.6678680970190658 24367.351250098698 0.38255775649122059 4.9997500124993749e-05 0 0
10943.64916731037 153.17541634481495 5 0 0 220.39345111275196 332.83094750193112 0.66217836041665934 23648.936138158297 0.37381549495928285 4.9997500124993749e-05 0 0
11056.35083268963 153.17541634481495 5 0 0 219.51561374851752 333.16905249806888 0.65887156115674905 23238.424485337106 0.36879552319834163 4.9997500124993749e-05 0 0
11250 193.6491673103701 5 0 0 218.00466786688244 333.75 0.65319750671725074 22545.932426341133 0.36028550055158304 4.9997500124993749e-05 0 0
11443.64916731037 153.17541634481495 5 0 0 216.4904286544751 334.33094750193112 0.6475333207172651 21869.469312041645 0.35191997688773108 4.9997500124993749e-05 0 0
11556.35083268963 153.17541634481495 5 0 0 215.60764230183804 334.66905249806888 0.64424135035037977 21483.045238251274 0.34711714788309639 4.9997500124993749e-05 0 0
11750 193.6491673103701 5 0 0 214.08820476035501 335.25 0.63859270622029829 20831.383864298725 0.33897662996859595 4.9997500124993749e-05 0 0
11943.64916731037 153.17541634481495 5 0 0 212.56548863321623 335.83094750193112 0.63295384244477326 20195.053778718488 0.33097610050243792 4.9997500124993749e-05 0 0
12056.35083268963 153.17541634481495 5 0 0 211.67777544079595 336.16905249806888 0.62967656858304033 19831.668896181793 0.32638363614450938 4.9997500124993749e-05 0 0
12250 193.6491673103701 5 0 0 210.14988420743748 336.75 0.62405310826262061 19219.054240097124 0.31860107269267451 4.9997500124993749e-05 0 0
12443.64916731037 153.17541634481495 5 0 0 208.61872900307642 337.33094750193112 0.6184393413885696 18621.095043580062 0.31095410748154795 4.9997500124993749e-05 0 0
12556.35083268963 153.17541634481495 5 0 0 207.72611092265799 337.66905249806888 0.61517663341044848 18279.733765352641 0.30656541048010744 4.9997500124993749e-05 0 0
12750 193.6491673103701 5 0 0 206.18980362998457 338.25 0.60957813342197953 17704.437755481809 0.29912955891020737 4.9997500124993749e-05 0 0
12943.64916731037 153.17541634481495 5 0 0 204.65024685233587 338.83094750193112 0.60398924112789165 17143.142622953445 0.29182503194201687 4.9997500124993749e-05 0 0
13056.35083268963 153.17541634481495 5 0 0 203.75274564154267 339.16905249806888 0.60074097014704131 16822.821289925971 0.2876336801784416 4.9997500124993749e-05 0 0
13250 193.6491673103701 5 0 0 202.2080595914309 339.75 0.59516720998213657 16283.170264617511 0.28053359598589311 4.9997500124993749e-05 0 0
13443.64916731037 153.17541634481495 5 0 0 200.66013841556463 340.33094750193112 0.58960297289574592 15756.886218218679 0.27356067568046882 4.9997500124993749e-05 0 0
13556.35083268963 153.17541634481495 5 0 0 199.75777564049119 340.66905249806888 0.58636901173059608 15456.652253398093 0.26956041673136599 4.9997500124993749e-05 0 0
13750 193.6491673103701 5 0 0 198.20474780881671 341.25 0.58081977379873029 14951.025521916701 0.26278544416562699 4.9997500124993749e-05 0 0
13943.64916731037 153.17541634481495 5 0 0 196.64849908560552 341.83094750193112 0.57527997544603415 14458.152009522348 0.2561335841617528 4.9997500124993749e-05 0 0
14056.35083268963 153.17541634481495 5 0 0 195.74129612341244 342.16905249806888 0.57206019859004387 14177.083098769395 0.25231832998659537 4.9997500124993749e-05 0 0
14250 193.6491673103701 5 0 0 194.17996316469441 342.75 0.566535268168328 13703.911547247681 0.24585809300701195 4.9997500124993749e-05 0 0
14443.64916731037 153.17541634481495 5 0 0 192.61542342544527 343.33094750193112 0.56101969492383696 13242.899065500427 0.23951702322258747 4.9997500124993749e-05 0 0
14556.35083268963 153.17541634481495 5 0 0 191.70340146691885 343.66905249806888 0.55781397851642767 12980.102363936914 0.23588084500810605 4.9997500124993749e-05 0 0
14750 193.6491673103701 5 0 0 190.13379971893443 344.25 0.55231314370060836 12537.867105032426 0.22972523850535057 4.9997500124993749e-05 0 0
14943.64916731037 153.17541634481495 5 0 0 188.56100517999423 344.83094750193112 0.54682158473881826 12107.21586558134 0.22368495645842437 4.9997500124993749e-05 0 0
15056.35083268963 153.17541634481495 5 0 0 187.64418523207272 345.16905249806888 0.54362980653696502 11861.827228915665 0.22022207961266294 4.9997500124993749e-05 0 0
15250 193.6491673103701 5 0 0 186.0663507204508 345.75 0.53815285819363934 11449.058293900265 0.21436126088364943 4.9997500124993749e-05 0 0
15443.64916731037 153.17541634481495 5 0 0 184.48533728779503 346.33094750193112 0.53268510544171443 11047.316931594836 0.20861202326229555 4.9997500124993749e-05 0 0
15556.35083268963 153.17541634481495 5 0 0 183.56374017606495 346.66905249806888 0.52950714479218619 10818.500171648844 0.20531682255136738 4.9997500124993749e-05 0 0
15750 193.6491673103701 5 0 0 181.97770861887082 347.25 0.52405387651222701 10433.77524371638 0.19974120301573478 4.9997500124993749e-05 0 0
15943.64916731037 153.17541634481495 5 0 0 180.388511892688 347.83094750193112 0.51860972460389398 10059.539565564253 0.1942735174849316 4.9997500124993749e-05 0 0
16056.35083268963 153.17541634481495 5 0 0 179.46215826385279 348.16905249806888 0.51544546241612954 9846.4857293182758 0.19114051230561141 4.9997500124993749e-05 0 0
16250 193.6491673103701 5 0 0 177.86796507617584 348.75 0.51001567046932139 9488.4289169545591 0.18584074945202883 4.9997500124993749e-05 0 0
16443.64916731037 153.17541634481495 5 0 0 176.27062035546064 349.33094750193112 0.50459491669997603 9140.3406907092431 0.18064536668584008 4.9997500124993749e-05 0 0
16556.35083268963 153.17541634481313 5 0 0 175.33953067978584 349.66905249806888 0.50144423541958771 8942.2673622157599 0.17766921646720266 4.9997500124993749e-05 0 0
16750 193.64916731037374 5 0 0 173.73721097834618 350.25 0.49603771871048158 8609.548011532117 0.17263620601785426 4.9997500124993749e-05 0 0
16943.64916731037 153.17541634481313 5 0 0 172.13175326551817 350.83094750193112 0.49064016299351892 8286.2937928340853 0.16770411194530085 4.9997500124993749e-05 0 0
17056.35083268963 153.17541634481313 5 0 0 171.19594783925672 351.16905249806888 0.48750294657641602 8102.4444173835509 0.16487961167265647 4.9997500124993749e-05 0 0
17250 193.64916731037374 5 0 0 169.58553644704898 351.75 0.48211950660141856 7793.7759623722322 0.16010447995432123 4.9997500124993749e-05 0 0
17443.64916731037 153.17541634481313 5 0 0 167.97200045261664 352.33094750193112 0.47674495142580681 7494.0859594236445 0.15542688820736017 4.9997500124993749e-05 0 0
17556.35083268963 153.17541634481313 5 0 0 167.03149940041916 352.66905249806888 0.47362108531293312 7323.7291893791535 0.15274896406174385 4.9997500124993749e-05 0 0
17750 193.64916731037374 5 0 0 165.4130308514151 353.25 0.4682605261186556 7037.8680391056496 0.14822306057187451 4.9997500124993749e-05 0 0
17943.64916731037 153.17541634481313 5 0 0 163.79145099870843 353.83094750193112 0.46290877650778273 6760.5150139158332 0.14379140512386979 4.9997500124993749e-05 0 0
18056.35083268963 153.17541634481313 5 0 0 162.84627427602413 354.16905249806888 0.45979814760046561 6602.9440756663926 0.14125511023030862 4.9997500124993749e-05 0 0
18250 193.64916731037374 5 0 0 161.21978281996113 354.75 0.45446027574337178 6338.688537470779 0.13697000038643647 4.9997500124993749e-05 0 0
18443.64916731037 153.17541634481313 5 0 0 159.59019324996203 355.33094750193112 0.44913113921520925 6082.4867427667905 0.13277592836939647 4.9997500124993749e-05 0 0
18556.35083268963 153.17541634481313 5 0 0 158.64036064543657 355.66905249806888 0.4460336358511201 5937.0188242824015 0.13037643864710347 4.9997500124993749e-05 0 0
18750 193.64916731037374 5 0 0 157.00588025272461 356.25 0.44071826035852518 5693.2080621194218 0.12632389670773825 4.9997500124993749e-05 0 0
18943.64916731037 153.17541634481313 5 0 0 155.36831482903017 356.83094750193112 0.43541154688716938 5457.012213073961 0.12235926139640561 4.9997500124993749e-05 0 0
19056.35083268963 153.17541634481313 5 0 0 154.41384596690887 357.16905249806888 0.43232705881689942 5322.9878715795858 0.12009187150391909 4.9997500124993749e-05 0 0
19250 193.64916731037374 5 0 0 152.77141033369605 357.75 0.42703399114939494 5098.5008986858038 0.11626387364886645 4.9997500124993749e-05 0 0
19443.64916731037 153.17541634481313 5 0 0 151.12590264765873 358.33094750193112 0.42174951312806797 4881.2051786738593 0.11252072759945779 4.9997500124993749e-05 0 0
19556.35083268963 153.17541634481313 5 0 0 150.16681699020475 358.66905249806888 0.41867793149232818 4757.9877679940273 0.11038084696756141 4.9997500124993749e-05 0 0
19750 193.64916731037374 5 0 0 148.51645954365156 359.25 0.41340698550772875 4551.7424731304063 0.10676956452522522 4.9997500124993749e-05 0 0
19943.64916731037 153.17541634481313 5 0 0 146.86304291975068 359.83094750193112 0.40814455771334818 4352.2795727867833 0.10324015285621989 4.9997500124993749e-05 0 0
20056.35083268963 153.17541634481313 5 0 0 145.89935976969008 360.16905249806888 0.40508577502080734 4239.2546899483086 0.10122330180122252 4.9997500124993749e-05 0 0
20250 193.64916731037374 5 0 0 144.24111367351486 360.75 0.39983676693975012 4050.2068965287158 0.097821094609983297 4.9997500124993749e-05 0 0
20443.64916731037 153.17541634481313 5 0 0 142.57982117502789 361.33094750193112 0.39459620649921184 3867.5470854416503 0.094497848411829011 4.9997500124993749e-05 0 0
20556.35083268963 153.17541634481313 5 0 0 141.61155967803685 361.66905249806888 0.39155011660499484 3764.1220361591472 0.092599654321448704 4.9997500124993749e-05 0 0
20750 193.64916731037374 5 0 0 139.94545783841178 362.25 0.38632286497836238 3591.2645936400259 0.089399064211584486 4.9997500124993749e-05 0 0
20943.64916731037 153.17541634481313 5 0 0 138.27632227347203 362.83094750193112 0.38110399133672596 3424.4148240821282 0.086274594071499691 4.9997500124993749e-05 0 0
21056.35083268963 153.17541634481313 5 0 0 137.30350142072524 363.16905249806888 0.37807048942160443 3330.0181067900194 0.084490787655163255 4.9997500124993749e-05 0 0
21250 193.64916731037374 5 0 0 135.62957649262304 363.75 0.37286481509999464 3172.3800137647645 0.081484532036980875 4.9997500124993749e-05 0 0
21443.64916731037 153.17541634481313 5 0 0 133.95263042077485 364.33094750193112 0.36766744999082146 3020.3830559323783 0.078551621664156551 4.9997500124993749e-05 0 0
21556.35083268963 153.17541634481313 5 0 0 132.97526905157866 364.66905249806888 0.36464643254114043 2934.4638640685766 0.076878033258978545 4.9997500124993749e-05 0 0
21750 193.64916731037374 5 0 0 131.2935534456999 365.25 0.35946215864668007 2791.1094225828197 0.07405899880181159 4.9997500124993749e-05 0 0
21943.64916731037 153.17541634481313 5 0 0 129.60882918509361 365.83094750193112 0.35428612606485249 2653.043030889582 0.071310598737211683 4.9997500124993749e-05 0 0
22056.35083268963 153.17541634481313 5 0 0 128.62694598963535 366.16905249806888 0.35127749085325471 2575.0707731804723 0.069743154660226681 4.9997500124993749e-05 0 0
22250 193.64916731037374 5 0 0 126.9374718800828 366.75 0.34611444275414532 2445.0987738627368 0.067104391045688452 4.9997500124993749e-05 0 0
22443.64916731037 153.17541634481313 5 0 0 125.24500151549536 367.33094750193112 0.34095956893160201 2320.0748839138987 0.064533612439263949 4.9997500124993749e-05 0 0
22556.35083268963 153.17541634481313 5 0 0 124.25861503774857 367.66905249806888 0.33796321499863308 2249.538722458517 0.063068331375623926 4.9997500124993749e-05 0 0
22750 193.64916731037374 5 0 0 122.56141437066822 368.25 0.33282122028694694 2132.0816601459428 0.060603045106918864 4.9997500124993749e-05 0 0
22943.64916731037 153.17541634481313 5 0 0 120.86122976259239 368.83094750193112 0.327687333671911 2019.2456161083712 0.058203153543324393 4.9997500124993749e-05 0 0
23056.35083268963 153.17541634481313 5 0 0 119.87035840343059 369.16905249806888 0.32470316130861926 1955.6540221126638 0.056836142959097363 4.9997500124993749e-05 0 0
23250 193.64916731037374 5 0 0 118.16546290690739 369.75 0.31958204978203486 1849.8773417454086 0.05453769120621741 4.9997500124993749e-05 0 0
23443.64916731037 153.17541634481313 5 0 0 116.45759570203248 370.33094750193112 0.31446898102250881 1748.4071539260453 0.052302100557965699 4.9997500124993749e-05 0 0
23556.35083268963 153.17541634481313 5 0 0 115.46225772262093 370.66905249806888 0.31149689175419487 1691.2874809969817 0.051029553124829055 4.9997500124993749e-05 0 0
23750 193.64916731037374 5 0 0 113.74969891821506 371.25 0.3063964954025995 1596.3888536597024 0.048891437582994891 4.9997500124993749e-05 0 0
23943.64916731037 153.17541634481313 5 0 0 112.03418056173101 371.83094750193112 0.30130407733516895 1505.4944862149212 0.046813703867294304 4.9997500124993749e-05 0 0
24056.35083268963 153.17541634481313 5 0 0 111.03439408728948 372.16905249806888 0.29834397390649675 1454.3925611904947 0.045631893884739469 4.9997500124993749e-05 0 0
24250 193.64916731037374 5 0 0 109.31420330373248 372.75 0.29326412690471493 1369.6011902976393 0.043647754620359802 4.9997500124993749e-05 0 0
24443.64916731037 153.17541634481313 5 0 0 107.5910650540428 373.33094750193112 0.28819219455008149 1288.5238791204138 0.041721569832512108 4.9997500124993749e-05 0 0
24556.35083268963 153.17541634481313 5 0 0 106.58684807810594 373.66905249806888 0.28524398091184389 1243.0036104870501 0.04062684963107268 4.9997500124993749e-05 0 0
24750 193.64916731037374 5 0 0 104.85905646786617 374.25 0.2801845196202169 1167.5795682440271 0.038790458885620771 4.9997500124993749e-05 0 0
24943.64916731037 153.17541634481313 5 0 0 103.12832941451303 374.83094750193112 0.27513291018741648 1095.5911692188465 0.037009644777617354 4.9997500124993749e-05 0 0
