150
100133.54421633412 303.08844851032507 0.025676113374507131 0.37972046514152835 36.579857427435392 8.6334825329022563e-05 10.143553701388303 0.0012892582576798516 2 10000 -0.0023881023665762485 20
56.350832689629151 153.17541634481458 -6.2111696012253956 8.0195419992516968 0.020785398863799952 299.48284860703313 299.91670887083512 0.99855339749013838 99494.925142800697 1.155240857091222 0.018307952920940701 0 0
250 193.64916731037081 -5.1472442330129029 8.8290487794516626 0.081963553585276336 299.48331592185343 301.76320560116352 0.99244477246731211 97382.19592470942 1.130357672299859 0.017974440309010208 0 0
443.64916731037084 153.17541634481461 -4.0773919504614504 9.6404461521753184 0.13416214984578306 299.29522080618619 303.4427628955039 0.98633171524757701 95300.20164740138 1.1070114420837598 0.016961351825643883 0 0
556.3508326896291 153.17541634481449 -3.4502312579654841 10.114116661343486 0.16392306352532485 299.14282404029882 304.38711134845585 0.98277099419576441 94102.244893232579 1.0938598364453946 0.016182426085425739 0 0
750 193.6491673103709 -2.3641195425765957 10.931123759928287 0.21479402341777104 298.8649053095541 306.00933520404504 0.97665290214193279 92069.065040628426 1.0717032796236792 0.014687352735827249 0 0
943.64916731037079 153.17541634481461 -1.2693065552745604 11.752447678268618 0.25970601789078784 298.61434062579661 307.67510176108732 0.97055087953679642 90072.66674719975 1.0499177888904505 0.013145469505787764 0 0
1056.3508326896292 153.17541634481449 -0.6291524633214195 12.232586867746452 0.28048889435163959 298.50348633846585 308.68559545536363 0.96701462825993734 88929.967296769173 1.0373272251545105 0.012298696594299378 0 0
1250 193.64916731037101 0.46986159419950035 13.060392076592978 0.30584023184973713 298.37711224408264 310.4965925520977 0.96096742895501652 86999.927651755439 1.015823483728765 0.010975392337348981 0 0
1443.6491673103708 153.17541634481449 1.5546039621154779 13.889232668571013 0.32084502599434472 298.2894356285658 312.36229070203177 0.95494701027503237 85108.335346845808 0.99460788219358787 0.0097658976079415694 0 0
1556.3508326896292 153.17541634481449 2.1732196222582885 14.370897362561877 0.3261032729856479 298.23505945800639 313.45298251333963 0.95145069945319272 84023.391077859866 0.9824514434067777 0.0090879459394014022 0 0
1750 193.64916731037101 3.2006189565938605 15.193912386757637 0.3299184006907756 298.10783773414994 315.30673596354814 0.94545343861164277 82185.428541472342 0.96196419631911656 0.0079531821061135533 0 0
1943.6491673103708 153.17541634481449 4.1616886025507602 16.005139338904197 0.3262315050647655 297.91397810046135 317.10737816679068 0.93947349892239318 80381.540766542021 0.94204063609740107 0.0068810897208132753 0 0
2056.350832689629 153.17541634481449 4.6805971377321471 16.469066505839411 0.32020425772526212 297.75885054405694 318.117291900829 0.9360033488430467 79347.811044207949 0.93073073017499075 0.0062983865863555401 0 0
2250 193.64916731037101 5.4861884909777068 17.246774087522635 0.30291013570103903 297.40128230385284 319.76617219790819 0.93005861207791118 77599.035986102535 0.9118180154977219 0.0053771808264710926 0 0
2443.649167310371 153.17541634481449 6.1626284973210943 17.992412877317651 0.27709590852454002 296.90814445969761 321.28303529243641 0.92413265515076937 75883.352433521519 0.89358323359677183 0.0045516543427287651 0 0
2556.350832689629 153.17541634481449 6.487523294801071 18.408152326543782 0.25827564025572181 296.54904172440581 322.09413269064936 0.92069060447376128 74899.342178139035 0.88329160512060678 0.0041124028401399396 0 0
2750 193.64916731037101 6.9160366905812438 19.085992200059607 0.21997842057413272 295.79901688067946 323.35317698745195 0.91478617787682426 73232.662290997483 0.86615256422833464 0.0034335382171776425 0 0
2943.649167310371 153.17541634481449 7.1716126013786905 19.712016649544136 0.17530111707993379 294.87990467336601 324.43823196269807 0.90889382206739899 71595.962417814313 0.849665941778316 0.002870727902386308 0 0
3056.350832689629 153.17541634481449 7.2367705121402963 20.049923669386775 0.1468965618982063 294.26717800272809 324.98835655235018 0.90546991013607769 70657.006790400585 0.84035433922188252 0.002606200527302492 0 0
3250 193.64916731037101 7.2046996873904199 20.582396551643303 0.094774255503011912 293.0872007117764 325.79896900953446 0.89959523691187393 69066.504170020256 0.82480548179405644 0.0022621193514694884 0 0
3443.649167310371 153.17541634481449 6.9981381491028838 21.052748015044603 0.039353078338334055 291.76358099193067 326.4562074592717 0.8937296161793179 67504.125803890463 0.80977161366671979 0.0020406436675069512 0 0
3556.350832689629 153.17541634481449 6.801229292066135 21.297346201786585 0.0059912605218183871 290.93580587850346 326.77694037199706 0.89031926655322524 66607.432939489285 0.80123374108348455 0.0019594935098183725 0 0
3750 193.64916731037101 6.3421839750626354 21.668179918524356 -0.052429911953342782 289.433733537808 327.24177510140527 0.88446450166125223 65087.907364955652 0.78687954838565788 0.001884258245574938 0 0
3943.649167310371 153.17541634481449 5.7506284879771741 21.979264729178521 -0.11109585227410132 287.86006624214309 327.62897673117982 0.87861601594028971 63594.888920236561 0.77285930912796497 0.0018638073270126892 0 0
4056.350832689629 153.17541634481495 5.3546700913277014 22.134102737379944 -0.14482624494631699 286.92559469677491 327.83437207710165 0.8752151059660529 62738.030494131846 0.76482330192976311 0.0018642939452609298 0 0
4250 193.6491673103701 4.6025558485465732 22.357718780666374 -0.2013326602429783 285.31006145625133 328.17783740543553 0.86937638358490144 61286.240380799543 0.75118322542748339 0.0018709765785642212 0 0
4443.649167310371 153.17541634481495 3.7825513700283548 22.53145195958643 -0.25527020316682425 283.70013850565942 328.53006600369935 0.86354391230197147 59860.116512567081 0.737707781562566 0.0018746655144596634 0 0
4556.350832689629 153.17541634481495 3.2845608923116125 22.611326889100738 -0.28514374493865075 282.77764901577132 328.75296264655452 0.86015239753075101 59041.827141079477 0.7299196146584932 0.0018705103402083378 0 0
4750 193.6491673103701 2.4090879965951109 22.714298863903636 -0.33340343045763338 281.22357853956868 329.17434980117162 0.8543301709547958 57655.740527834583 0.71662363103133486 0.001846283455910908 0 0
4943.649167310371 153.17541634481495 1.5258874456090414 22.775791156792977 -0.37733841926302525 279.69889838448125 329.63340758355304 0.84851502290035707 56294.691064866449 0.7034639987653577 0.0017955804004758861 0 0
5056.350832689629 153.17541634481495 1.016220279839253 22.793314158564659 -0.40071608697316902 278.8206654162081 329.91290704263486 0.84513415348183374 55514.024800566032 0.69588096996401327 0.0017516462267408769 0 0
5250 193.6491673103701 0.15847665459111382 22.792525227800123 -0.43688735010015073 277.32090101514893 330.40698013650615 0.83933124203542875 54192.160256872841 0.68299438956531533 0.0016550918944680602 0 0
5443.649167310371 153.17541634481495 -0.66708488317860526 22.752098773873243 -0.46785815123924518 275.82620808967181 330.91080493713406 0.8335364212180163 52894.72265720219 0.67029271713172223 0.0015470188425229917 0 0
5556.350832689629 153.17541634481495 -1.1284544775559748 22.710043845434416 -0.48342311238059321 274.95540828458877 331.20465404030972 0.83016770727842781 52150.761859341961 0.66298744305653678 0.0014863670282378042 0 0
5750 193.6491673103701 -1.8830094931359063 22.605185923486314 -0.50587352715756284 273.45035517638325 331.70183698135378 0.82438601385181631 50891.371222357033 0.65058875021192597 0.0014049078919656944 0 0
5943.649167310371 153.17541634481495 -2.5849920785743974 22.457796787466073 -0.52286692907525911 271.92276160450393 332.17516254540442 0.81861256428928608 49655.599117804799 0.63839069837928719 0.0013842172323306659 0 0
6056.350832689629 153.17541634481495 -2.9673921207574248 22.351833596484973 -0.53023287801389407 271.01789952075603 332.43278556240875 0.81525623010452708 48947.129257990557 0.63138687877841948 0.0014153792783383151 0 0
6250 193.6491673103701 -3.5766720086100743 22.134560129777896 -0.53858268299258139 269.43461317991324 332.84261878178262 0.80949553325248658 47748.006953421929 0.61951665354438401 0.0015347927802370491 0 0
6443.649167310371 153.17541634481495 -4.1225623709425321 21.872779533999189 -0.54158995646254682 267.82444521754201 333.22167283548276 0.80374257454067677 46571.579147401862 0.607848171750898 0.0016793187263508733 0 0
6556.350832689629 153.17541634481495 -4.4097127545831487 21.699953129447209 -0.5409288699799254 266.87944122176623 333.43347762928556 0.80039785782543793 45897.21207486889 0.60114736295399274 0.0017464638446617498 0 0
6750 193.6491673103701 -4.8481809325427188 21.368718047540398 -0.53577339247679978 265.24860600989865 333.790249180628 0.79465654452464674 44755.940813970483 0.58977669274774647 0.0018116924382787006 0 0
6943.649167310371 153.17541634481495 -5.2140381725383982 20.99639238057658 -0.52574421416193551 263.61552659460705 334.14638048178119 0.78892228673708553 43636.445318711871 0.57856271497268197 0.0018257300641981449 0 0
7056.350832689629 153.17541634481495 -5.3920829161136634 20.761838850709498 -0.51775992805012061 262.66718203458549 334.35735582612938 0.78558816624682304 42994.801072772992 0.57209756103393283 0.0018167216710687948 0 0
7250 193.6491673103701 -5.6361415947012663 20.330618752391338 -0.50051261172155181 261.0366900722272 334.72044763000048 0.77986478543664228 41909.1010991726 0.56109836577105887 0.0017828151240592946 0 0
7443.649167310371 153.17541634481495 -5.8002566916278289 19.867772687917039 -0.47900387989786641 259.38579011265637 335.0594193824042 0.7741486288932492 40844.45491170077 0.55027207533344802 0.0017397599185723092 0 0
7556.350832689629 153.17541634481495 -5.8581980607001682 19.585706518552239 -0.46461954929802912 258.40656019354373 335.23359466141 0.77082537164730602 40234.448474792465 0.54406660024664644 0.0017173127801093867 0 0
7750 193.6491673103701 -5.8934988745192154 19.082670593781586 -0.43715126240254915 256.69403433947315 335.49448771689612 0.76512146618659804 39202.665270121135 0.5335602240982662 0.001687167893818168 0 0
7943.649167310371 153.17541634481495 -5.8499972464188392 18.561040601044244 -0.40714577038184807 254.96854523867981 335.73855964214516 0.75942586252363753 38191.376993668477 0.52319791645692881 0.0016618679269014519 0 0
8056.350832689629 153.17541634481495 -5.7895675760944592 18.251033965981247 -0.38894795894566558 253.96845449503917 335.88597555327289 0.7561150895827109 37612.168700847316 0.51720872916899774 0.0016464185055216306 0 0
8250 193.6491673103701 -5.629393476246964 17.710817283834917 -0.35680090818962834 252.26953379008967 336.16490608834488 0.7504338770085438 36632.918489250049 0.50696487029582238 0.0016135499818393446 0 0
8443.6491673103701 153.17541634481495 -5.4055510391630053 17.165237518298813 -0.32357336806545933 250.60136832179208 336.48454686719049 0.74476337964103811 35673.806644162782 0.49677263577568598 0.0015662847483175046 0 0
8556.3508326896299 153.17541634481495 -5.2494859865301651 16.847164466355128 -0.30374880850546832 249.64747423918979 336.69319066639116 0.74146873521582535 35124.85980874121 0.49086137251464451 0.001529068528956674 0 0
8750 193.6491673103701 -4.9441785991689109 16.30256642773227 -0.26897583004699294 248.16554407451883 337.26491506125842 0.73581784820233609 34197.406366541945 0.4807441264849478 0.0014472590500970333 4.9507001248115447e-05 0
8943.6491673103701 153.17541634481495 -4.6023829492283825 15.763519125489559 -0.23360181666566363 246.81622065483168 338.02104811352791 0.73018003474131543 33289.658702290682 0.470695672150995 0.0013470971513424425 0.00013607657157479176 0
9056.3508326896299 153.17541634481495 -4.3914955358777492 15.453775955124073 -0.21288099478963154 246.04855380025916 338.48789475326413 0.72690503150670338 32770.322797120731 0.46488795904354469 0.0012825186139670849 0.00018676492352099567 0
9250 193.6491673103701 -4.0164199039637518 14.930347007276305 -0.17774690687539801 244.74849498194166 339.32116784896419 0.72128861436337521 31893.202965478569 0.45499750551182566 0.001165968369372761 0.00027234952997922963 0
9443.6491673103701 153.17541634481495 -3.6345966407726182 14.419878110783127 -0.14466223452782653 243.4547383772464 340.16958335269061 0.71568638200326851 31035.129050390849 0.44524885253660879 0.0010510231113067361 0.0003553551115834826 0
9556.3508326896299 153.17541634481495 -3.4135460943240417 14.129597641686257 -0.12701497514065427 242.69578703346676 340.65784295742264 0.71243270058455765 30544.413396448726 0.43965409599355443 0.00098910242777339283 0.00040216601302163956 0
9750 193.6491673103701 -3.0416212295184843 13.643460544553841 -0.099650586350934767 241.37528818629673 341.478236759639 0.70685408966837582 29715.986694380106 0.43018525808522429 0.0008940482173230873 0.00047990173192437313 0
9943.6491673103701 153.17541634481495 -2.6852885901248014 13.173850229080861 -0.075077459547176512 240.03783707696329 342.27983436304658 0.70129120380011023 28905.997718039111 0.42089176100557657 0.00081055349018722934 0.00055465953734577279 0
10056.35083268963 153.17541634481495 -2.487632294698495 12.908391662099994 -0.061618902767663547 239.25357132800485 342.74013100366903 0.69806115387591905 28442.987563947012 0.41556033032028794 0.00076584231405229695 0.00059700281144452856 0
10250 193.6491673103701 -2.1676260668969012 12.465642883010565 -0.039665323030615894 237.89693699988067 343.521555089434 0.69252404536287526 27661.630489550844 0.40652825283632527 0.00069356401156626653 0.00066672281066182686 0
10443.64916731037 153.17541634481495 -1.8742311538764602 12.038992540304022 -0.019454369970676993 236.52686092346525 344.28806567294538 0.68700278779965807 26897.893771161493 0.39765574840457069 0.00062485030928875068 0.00072935825638754102 0
10556.35083268963 153.17541634481495 -1.7165348715785218 11.797712533213737 -0.0086209871393570746 235.72213858565664 344.72555463920662 0.68379653151146835 26461.361347566231 0.39256420196576297 0.00058545221515787001 0.00076095810259570705 0
10750 193.6491673103701 -1.4685498442751523 11.394066981179716 0.0081306304508021558 234.32283892517881 345.45637995152009 0.67829935275203979 25724.727398244646 0.38394341554096162 0.00051892897244021927 0.00080582225991281478 0
10943.64916731037 153.17541634481495 -1.2492318503739355 11.002199382027481 0.022129781503273067 232.89514792948458 346.14909635695705 0.67281743728522592 25004.83909972867 0.37549648577162181 0.00045682470384658403 0.00083967902141605531 0
11056.35083268963 153.17541634481495 -1.1346001782748756 10.778608665099084 0.028832962638573101 232.04755878825844 346.52888056627046 0.66963411075309054 24593.470074952897 0.37066622994968434 0.00042416231071807996 0.00085479377251136701 0
11250 193.6491673103701 -0.95945009328057074 10.400197931417285 0.038091926183911565 230.556796293996 347.13194561517287 0.66417625691410453 23899.452871745587 0.36252095438827414 0.00037428137413640568 0.00087324033156857799 0
11443.64916731037 153.17541634481495 -0.81092925651554071 10.026318465399514 0.045443012341591274 229.01598184244452 347.66157882560924 0.65873250249870541 23221.273828113444 0.35457581346813138 0.0003294936546479348 0.00088198995675848257 0
11556.35083268963 153.17541634481495 -0.73631071562650252 9.8095341993328606 0.049278433686919247 228.09307353097967 347.93074913645484 0.65557032282169436 22833.704357498718 0.35004617774693403 0.00030437857534823136 0.00088253373128600366 0
11750 193.6491673103701 -0.62767400363552084 9.4363072739000504 0.055262988722866939 226.46156986979344 348.32384530042799 0.65014661765252157 22179.742326068535 0.3424222458647645 0.00026215775393591446 0.00087580430776490958 0
11943.64916731037 153.17541634481495 -0.54289197805663747 9.0595367190594533 0.059928473326041239 224.7776813275201 348.63601238681798 0.64473454646482475 21540.625464138546 0.33498700468428833 0.00022259977886137023 0.00085999084085633425 0
12056.35083268963 153.17541634481495 -0.50411830889308262 8.8374339417743482 0.061778881748425052 223.77637267311854 348.78416684890863 0.64158982529174624 21175.36413928778 0.33074068216552877 0.00020154583847449079 0.00084692388333546247 0
12250 193.6491673103701 -0.4548156319838263 8.4493566242575717 0.063390469743117225 222.03285945677857 349.00148343255944 0.63619460087390689 20559.041033359954 0.32356137271710439 0.00016940909907952435 0.00081901142497776286 0
12443.64916731037 153.17541634481495 -0.42618439055520202 8.0516919143971357 0.063372591179144622 220.28935264740662 349.21710609748101 0.63080916942801391 19956.719349539206 0.3164869405432143 0.00014233619685027362 0.0007865532318400264 0
12556.35083268963 153.17541634481495 -0.4184657023221281 7.8151968956151565 0.062778888697037544 219.28862829234862 349.36421092950752 0.6276791423738457 19612.498162152748 0.31239843625672592 0.00012886688575796225 0.00076672586864573282 0
12750 193.6491673103701 -0.41908964411393762 7.3997672085620501 0.061045196963129884 217.59693917966894 349.66121984649328 0.62230789927232244 19031.713665071107 0.30541891988289621 0.00010913316316131505 0.00073218049882425884 0
12943.64916731037 153.17541634481495 -0.43476390053423536 6.9733042246862356 0.058776926271765118 215.91776668888758 349.97890492020662 0.61694508912791679 18464.198840044697 0.29852972589604149 9.244813317986062e-05 0.00069728653885537913 0
13056.35083268963 153.17541634481495 -0.44964562150292459 6.7202474915509356 0.057377496196446796 214.93515929916853 350.15551005042397 0.61382772262591812 18139.918390791856 0.29457728870389627 8.352162445574963e-05 0.00067693561444306547 0
13250 193.6491673103701 -0.4823428943854422 6.2781853531453926 0.054924595313499587 213.2191846160467 350.414128627244 0.60847770451305183 17592.898769227668 0.28790836209016479 6.9122846321163303e-05 0.0006419996839903447 0
13443.64916731037 153.17541634481495 -0.51958706726959492 5.8292703541869688 0.052270714122558022 211.44599150891338 350.57759903089925 0.60313605915897928 17058.589841145189 0.28142228783776468 5.6317048546535745e-05 0.00060710141165210561 0
13556.35083268963 153.17541634481495 -0.5412850027635624 5.565930404304325 0.050568942808718403 210.37775445528345 350.61131075020506 0.60003128251948556 16753.410136190505 0.2777436831011289 4.9805017990272407e-05 0.00058681311800881501 0
13750 193.6491673103701 -0.57448010706786279 5.1121839637024706 0.047435277010789097 208.51887858228588 350.62643978280965 0.59470380702450676 16238.867817684686 0.27153493444840787 4.038195095368703e-05 0.00055221704550186543 0
13943.64916731037 153.17541634481495 -0.59657536138699419 4.6603234295920943 0.044330376995103359 206.75498100993863 350.79705283126788 0.58938631137641584 15736.642770008344 0.26530678000292701 3.3076340772481393e-05 0.00051848994282672524 0
14056.35083268963 153.17541634481495 -0.60158968439041483 4.3998232786464104 0.042673267839518053 205.83221785282686 351.07185421132402 0.58629655263941582 15449.972482387306 0.26159914442300941 2.9731335732982292e-05 0.00049949395397719417 0
14250 193.6491673103701 -0.59226978306389466 3.9592677050771181 0.040263135632740296 204.46756792600672 351.9253575991421 0.58099697424731733 14966.986193662171 0.25504348882369238 2.5360245751472247e-05 0.00046798839172941872 0
14443.64916731037 153.17541634481495 -0.55494854933845084 3.5311815201914118 0.038562973453380021 203.35376680918654 353.2221730935284 0.57571064983890818 14496.046832280552 0.24830704356510605 2.2421599771597717e-05 0.00043754391464119989 0
14556.35083268963 153.17541634481495 -0.51790664887113425 3.2894148784590835 0.037970988224045418 202.80653069101459 354.16008431651653 0.57264084709716834 14227.479580011986 0.24432903980158494 2.121964952545925e-05 0.00042013454026777698 0
14750 193.6491673103701 -0.4252235129128602 2.8891224785314766 0.037672177490048857 201.99550792684545 356.01506309321553 0.56737910517554957 13775.439396863623 0.2374605079827791 1.9757545251230289e-05 0.0003904077287225748 0
14943.64916731037 153.17541634481495 -0.29426013358663689 2.5105933365604245 0.03821752001791015 201.26392085327643 358.03453010154271 0.56213550351189778 13335.25491933464 0.23065922768234223 1.8698597434712609e-05 0.00036044429720382369 0
15056.35083268963 153.17541634481495 -0.19974351044263178 2.3015189773753755 0.038891855910431358 200.83330714117793 359.21269760625779 0.55909300667683093 13084.503064513085 0.22678177302243591 1.8089606623314588e-05 0.00034268329657870976 0
15250 193.6491673103701 -0.0072170697072456574 1.9630943664899545 0.040518670898896353 200.06377251741793 361.2024886065617 0.55388259723574762 12662.927192390649 0.22028142377117529 1.6886338783673482e-05 0.00031155426275629162 0
15443.64916731037 153.17541634481495 0.2185993075308153 1.6522303040915278 0.042438969684611028 199.30067044854809 363.22601347511011 0.54869602686704344 12253.003401670354 0.21393635864057883 1.5467779503976378e-05 0.00027997801857134678 0
15556.35083268963 153.17541634481495 0.36307997473872672 1.4845577813184003 0.043554846525842607 198.88163380999723 364.45940592298581 0.54568939799024707 12019.760853133936 0.21029197364409016 1.4538273385724134e-05 0.00026155092546683987 0
15750 193.6491673103701 0.62745044384534343 1.2196599411239053 0.045367663663196341 198.20728420034104 366.68022641678431 0.54054533056563081 11628.082714465123 0.20411363611191111 1.2898467726714729e-05 0.00022989987756745947 0
15943.64916731037 153.17541634481495 0.90114191977426672 0.98400404829065413 0.04708868167882798 197.54334873812905 368.9425203970834 0.53543123336805476 11247.806894901056 0.19809246399517294 1.1586024614826366e-05 0.00019817583932721014 0
16056.35083268963 153.17541634481495 1.0595899769769583 0.86026203671180579 0.048066855571771171 197.13867320871535 370.23454880555215 0.53246968400091943 11031.698151049499 0.1946835369454307 1.1165476263065576e-05 0.00017964221513258258 0
16250 193.6491673103701 1.3208364815671649 0.67020800841880379 0.049625843784054567 196.46938227686812 372.51881349564081 0.52740794601281848 10669.224589137753 0.18893137770087362 1.1207857041513707e-05 0.00014736020436651175 0
16443.64916731037 153.17541634481495 1.5551175865731803 0.50760756327083767 0.050784003360583835 196.04411907490226 375.28892045072956 0.52238184607062021 10317.798794872808 0.18311420048956611 1.2212261730317301e-05 0.00011366360497805047 0
16556.35083268963 153.17541634481313 1.6730617792685099 0.42511207725412575 0.051158557647242593 196.01471163977442 377.33314964669421 0.51947387030084036 10118.29110918032 0.17960817175350482 1.3225076688336735e-05 9.291467477651171e-05 0
16750 193.64916731037374 1.8359150628920149 0.30311035759702326 0.051098413778791936 196.37905829601877 381.68316271818759 0.51450804614353274 9783.9921093347348 0.1733680665679995 1.4750757406598737e-05 5.5030275608990999e-05 0
16943.64916731037 153.17541634481313 1.9407792875163219 0.20436327616782693 0.04992010256461861 197.11098967039132 386.80854101419862 0.50958282656730669 9460.2922260424075 0.16702940143694725 1.3421685892578147e-05 1.4983341220174393e-05 0
17056.35083268963 153.17541634481313 1.9716641374326997 0.15680729979026509 0.048617591943698676 197.64707171728108 390.0396179690855 0.5067358868476447 9276.7115254024429 0.16337640748539226 1.0009081273907402e-05 0 0
17250 193.64916731037374 1.9714005223188202 0.090609080101466566 0.045395326467038602 198.68798559616698 395.88837056658434 0.50187881324174866 8969.4038642621963 0.15724721050764354 -9.8442312175703396e-07 0 0
17443.64916731037 153.17541634481313 1.9073263659385262 0.041902180228094069 0.041341204928664353 199.73618767763551 401.82964221571615 0.49706683303968446 8672.187116333178 0.15134418855974199 -1.6665567734459987e-05 0 0
17556.35083268963 153.17541634481313 1.8424223448802914 0.020627639485938348 0.038790140717105737 200.32062187855752 405.27134384034468 0.49428765424251947 8503.7697153615936 0.14803005698194344 -2.6974066863882598e-05 0 0
17750 193.64916731037374 1.6900851819670393 -0.0055083379431291818 0.034274654445556517 201.26345057039805 411.11933089862555 0.48954995653081051 8222.0706198420576 0.14254613982443848 -4.4986988318819476e-05 0 0
17943.64916731037 153.17541634481313 1.4990861067112005 -0.020726095516020809 0.029674863922418145 202.1571090127423 416.9383335610317 0.48486093203792791 7949.8903194709574 0.13729615931358405 -6.1161776913787474e-05 0 0
18056.35083268963 153.17541634481313 1.3761290103335844 -0.025592588736260885 0.026995819539943296 202.66997545832635 420.34205569110969 0.48215488484754265 7795.7765639392173 0.13433341642218677 -6.8608378433757751e-05 0 0
18250 193.64916731037374 1.1548440660710388 -0.028718863037714853 0.022478689037869797 203.54563139972799 426.23313400233508 0.47754530364270764 7538.1836012562926 0.12939195823104593 -7.7084678506510236e-05 0 0
18443.64916731037 153.17541634481313 0.93379894265262164 -0.027072479370430589 0.018217051942134851 204.39271714764942 432.1317540485004 0.47298703516407026 7289.4926451005022 0.12464651950707031 -8.0397824449438606e-05 0 0
18556.35083268963 153.17541634481313 0.81116376357984943 -0.024761006903421874 0.015921777702990681 204.86118205024374 435.54304026018332 0.47035806593962426 7148.7557153862481 0.12197845534714528 -8.0134736766750204e-05 0 0
18750 193.64916731037374 0.61784349174702857 -0.0195750219856781 0.012372307513280022 205.61268463645783 441.34042571188854 0.46588228192511838 6913.6327857845063 0.11755526638099473 -7.6363708101307082e-05 0 0
18943.64916731037 153.17541634481313 0.45157502334513283 -0.013830014108511387 0.0093687886148591682 206.29524990214946 447.04978255458167 0.46145923329458782 6686.7572486479294 0.11332867556658577 -6.9143509384029625e-05 0 0
19056.35083268963 153.17541634481313 0.36951513209777559 -0.010670366784544548 0.007892852969127789 206.66052488438308 450.32961488186828 0.45890946998587878 6558.4135948449939 0.11095593788616334 -6.3748338790540246e-05 0 0
19250 193.64916731037374 0.2546255587217966 -0.0059938055473479392 0.0058133608372637315 207.23799256056074 455.89850495479243 0.45457045879347807 6344.0655501762449 0.10702055131725904 -5.2953845803950552e-05 0 0
19443.64916731037 153.17541634481313 0.16997399769692817 -0.0024138559955377936 0.0042382123455497215 207.76579977228286 461.40968999527831 0.450284864573193 6137.3137522556099 0.10325110237360886 -4.0656661708613337e-05 0 0
19556.35083268963 153.17541634481313 0.13330360344073314 -0.00089630454156890854 0.0035195854499343471 208.0572419524446 464.60500470063147 0.44781532666981583 6020.3850093572037 0.10112784470824805 -3.3024954351379344e-05 0 0
19750 193.64916731037374 0.088730690508166218 0.00078053559389610813 0.0025675585781571109 208.51855078550932 470.04449009342818 0.44361449858515145 5825.1500407110325 0.09760321111012657 -1.9432541162364723e-05 0 0
19943.64916731037 153.17541634481313 0.062232735741998869 0.0015190587789305899 0.0019013402326636928 208.87745718913322 475.29663646957306 0.43946756859177749 5636.8964652564737 0.094253901088443434 -5.6106697355195822e-06 0 0
20056.35083268963 153.17541634481313 0.052721578720228736 0.0016282396440472646 0.0016123500463188882 209.01324218976134 478.20474201213909 0.43707898276018264 5530.458781934205 0.092393764729111455 2.3422503779288389e-06 0 0
20250 193.64916731037374 0.043178255545933616 0.0014415760526963908 0.0012407177050677059 209.16459871420386 483.03927028402182 0.43301779292440834 5352.7944174683998 0.089325400167903052 1.5516325565473362e-05 0 0
20443.64916731037 153.17541634481313 0.038980600064765468 0.00098661459940635769 0.00098521513508439029 209.39761619422171 488.09334688976639 0.42901141252702463 5181.5587464404616 0.086336284653468626 2.7694479047993395e-05 0 0
20556.35083268963 153.17541634481313 0.037524511153637204 0.00069167896955306342 0.00087101903537194962 209.66601556046353 491.36039805367739 0.42670515652252283 5084.7816227833391 0.084595246452840528 3.4152974339541572e-05 0 0
20750 193.64916731037374 0.035201500263162641 0.00023115897332072103 0.00071315144268829572 210.43633393282769 497.7365456964248 0.42278658409216996 4923.3171466091026 0.081576920223663807 4.3976045403579707e-05 0 0
20943.64916731037 153.17541634481313 0.032471288803555647 -0.00012573824725296552 0.00059200895438370747 211.57663316888841 505.04698612029023 0.41892465252430172 4767.8020901898235 0.078545382981764167 5.2054289266066246e-05 0 0
21056.35083268963 153.17541634481313 0.030420891129711351 -0.00026611175653778617 0.00053318898500326198 212.39772022297629 509.70948267332352 0.41670348981736233 4679.9653297795139 0.076785176124582799 5.5881343331699689e-05 0 0
21250 193.64916731037374 0.026045790142438782 -0.00038891743979260047 0.0004469861691825958 214.00957684234746 518.26678950232315 0.41293322508249997 4533.5233157529046 0.073800040787467089 6.0886884903471197e-05 0 0
21443.64916731037 153.17541634481313 0.021039196566322155 -0.00039789992705424647 0.0003777448456999627 215.71351715195703 527.12989058871256 0.40922270014140633 4392.6257576905055 0.070924060512434314 6.3905153937097761e-05 0 0
21556.35083268963 153.17541634481313 0.018044158607714592 -0.00036757303846467415 0.00034444369467577973 216.66158929283654 532.21866885743179 0.40709129906691566 4313.1208092121115 0.069327612970737751 6.4748192934211112e-05 0 0
21750 193.64916731037374 0.013055313200486588 -0.00027990118443584343 0.00029660206917039172 218.16137580024932 540.70138501004499 0.40347848525706359 4180.7117051417372 0.066727566112388628 6.4682037935947991e-05 0 0
21943.64916731037 153.17541634481313 0.0085613447605382264 -0.00017522881142310751 0.00025569473242578842 219.57704639418685 549.03870062958356 0.39992999790797534 4053.5111429858907 0.064275176040962945 6.2856896883568399e-05 0 0
22056.35083268963 153.17541634481313 0.0063075173506847697 -0.00011918384796322163 0.0002328479979823915 220.4057967224692 553.92918111808308 0.3978952621300601 3981.8332144539763 0.062900349555262969 6.1073128440725655e-05 0 0
22250 193.64916731037374 0.003151340104261123 -4.2565222950711878e-05 0.00019544499387187488 221.87050069123967 562.47632951654737 0.3944530445964527 3862.6413438495142 0.060616665724180251 5.6925047438839499e-05 0 0
22443.64916731037 153.17541634481313 0.000850776011145425 8.1697304848633815e-06 0.00016574343365533277 223.36109865041109 571.13707034897391 0.39108142378839789 3748.3855927099116 0.058437044951431184 5.1611802171711039e-05 0 0
22556.35083268963 153.17541634481313 -0.00011943219966816678 2.5488672077020976e-05 0.00015442955293788443 224.22652241938923 576.19148736501381 0.38915278572545636 3684.1253066359309 0.057218726394787006 4.8092492093501804e-05 0 0
22750 193.64916731037374 -0.0012320212582676081 3.6977467589619017e-05 0.00014213626189355289 225.70047477333361 584.86958422228361 0.38589880695104611 3577.4950950389853 0.055211178982085642 4.1489519161169894e-05 0 0
22943.64916731037 153.17541634481313 -0.0017887744156135038 3.2850743409592944e-05 0.00012573095237369667 227.16860819679596 593.55788614220967 0.38272359528952321 3475.588518234757 0.053306076625129734 3.4387091629698737e-05 0 0
23056.35083268963 153.17541634481313 -0.0019238909545150711 2.6722351178608358e-05 0.00010832561687072287 228.02629176347313 598.63036344238151 0.38091334100098778 3418.4265676705677 0.052241666293868755 3.0127773065056243e-05 0 0
23250 193.64916731037374 -0.0019234976451214113 1.3982695927635654e-05 6.9065984771753445e-05 229.5112192982821 607.38089545056937 0.37787032983318536 3323.8556436284334 0.050485618772108651 2.2738176762307057e-05 0 0
23443.64916731037 153.17541634481313 -0.0017163214041840608 1.5332815629993236e-06 4.1427752723833786e-05 231.01036144786653 616.16508514750922 0.37491634468798718 3233.8531053218294 0.04881945248123739 1.5390310103553327e-05 0 0
23556.35083268963 153.17541634481313 -0.001540168479255147 -4.1987412587049123e-06 4.149793338124511e-05 231.88937708906789 621.28775809308206 0.37323989418495179 3183.5561960587274 0.047890123430432266 1.1198544311826475e-05 0 0
23750 193.64916731037374 -0.0011893504098430528 -1.0550099549087024e-05 7.4534198356562392e-05 233.41229006816855 630.10142238769856 0.37043606279077879 3100.6877183876668 0.046360817155473924 4.2143178595428297e-06 0 0
23943.64916731037 153.17541634481313 -0.00081134769596994771 -1.3208123379306842e-05 0.00013875024722809725 234.95473383438662 638.92621387260988 0.36773375193091118 3022.2886139538641 0.044914409681246874 -2.461378971015108e-06 0 0
24056.35083268963 153.17541634481313 -0.00059396415615372363 -1.3408526629965703e-05 0.00018523302393536745 235.86334637944159 644.06604201184996 0.36620987755026219 2978.7079222441298 0.044109651267788146 -6.1906175386109432e-06 0 0
24250 193.64916731037374 -0.0002407419912665824 -1.2059777814625297e-05 0.00024936618920735789 237.44732430629864 652.90325479223191 0.36367918610217309 2907.327850696036 0.04278863334484248 -1.2339645937062679e-05 0 0
24443.64916731037 153.17541634481313 7.9695323807838482e-05 -9.3714060489284528e-06 0.00022563230686905748 239.06600406929311 661.74814029003028 0.36126433836975425 2840.3621893699842 0.04154338467653082 -1.8221151572747067e-05 0 0
24556.35083268963 153.17541634481313 0.00024803999906158279 -7.5553276113349268e-06 0.00014130763915154849 240.02701887510085 666.90002457761534 0.35991454495315583 2803.4151393300217 0.040852492941649721 -2.1553095917231933e-05 0 0
24750 193.64916731037374 0.00050908460712433706 -4.3377988949694087e-06 -5.4230477766383029e-05 241.71358082276353 675.7531652105032 0.35769507753244129 2743.4110549371085 0.0397223692735377 -2.7196618430662832e-05 0 0
24943.64916731037 153.17541634481313 0.00074859671393795067 -1.0513436799090778e-06 -7.0216499322452749e-05 243.44450977749165 684.58762299809814 0.35560752429520326 2687.8156313799959 0.038663734264321861 -3.2857819585076903e-05 0 0
