## gfdl_v7 znot uref z0m z0t
 1.00000000000000000E+000 5.99343139208823367E-005 1.10000000000000004E-004
 2.00000000000000000E+000 2.60841645129665968E-005 1.10000000000000004E-004
 5.00000000000000000E+000 1.90647689110817298E-005 1.10000000000000004E-004
 1.00000000000000000E+001 1.66144836573590119E-004 2.37592732070657361E-005
 1.50000000000000000E+001 8.61315657050282213E-004 6.30865434368633928E-006
 2.00000000000000000E+001 2.23095646848495664E-003 3.57895533405647669E-006
 2.50000000000000000E+001 3.49494751667744170E-003 3.04623713258420981E-006
 3.00000000000000000E+001 3.88484221173077387E-003 3.30433172925747437E-006
 3.50000000000000000E+001 3.19739199891881480E-003 5.02319179372227073E-006
 4.00000000000000000E+001 1.98121757905511372E-003 1.13615145862410518E-005
 4.50000000000000000E+001 9.83166332597720360E-004 3.09968803028498607E-005
 5.00000000000000000E+001 4.66927194677810016E-004 7.53385339746365235E-005
 5.50000000000000000E+001 3.37142745537671710E-004 1.01383968231949506E-004
 6.00000000000000000E+001 3.37142745537671710E-004 9.25928520356111839E-005
 7.00000000000000000E+001 3.37142745537671710E-004 7.66091260754192538E-005
 8.00000000000000000E+001 3.37142745537671710E-004 6.84080304277773221E-005
 8.50000000000000000E+001 3.37142745537671710E-004 6.84080304278848750E-005
